3327883573
2891383549
216172243
3434716567
1613495540
1160205550
207703218
1100551780
1213880602
851837205
1616538853
846910386
2184020170
1081015339
1143805931
1247742601
1268066097
1585209578
1289414290
1651664539
1148471774
1651813139
1122081764
3634587476
1287687958
414346414
1837295335
1440492559
1185403980
680035825
2665370860
2893029857
1217042250
409730193
1197341828
3046066034
852538165
2922310773
1223402381
3650856294
1148053093
203975369
1756375041
1120810695
413686443
3520420742
3488764337
1229438689
800428182
1208903304
854237611
1614832050
1756700896
1616889454
1503198698
2903017218
2903273341
1655686511
3483737930
841439890
201947139
852316522
1128241123
2270487684
3494925751
1220279870
2801260054
1247552956
1633242878
418202651
854695369
853418964
216635762
2903078022
1132926227
1143423549
2734649694
3096775231
3627549628
3435129388
757728758
203755128
852351209
68085260
3497908326
1616707757
1136436951
855296953
1220146392
1368805059
1210809741
3484347785
1093899181
1161683506
1092513302
1615384785
1185343830
203566870
3523137098
1191830970
204218756
1267474754
791744685
1239111520
1290154588
411997718
843899331
418506810
772403117
3485384556
3489638723
212875748
2906339452
1814673608
2908684574
2927086696
1229404175
3487252122
595740567
1823943860
2777302712
1614942137
2903359118
2925431579
1815261622
853593956
1192161138
855453658
2393490172
800362390
387880449
1276784727
1161203217
3518336324
1255119878
1268218337
3188464214
855382366
800074427
3275966499
1827299715
3472880982
1822561986
1615111218
1760561946
3350836817
1615312862
1082679251
1139243525
2284096333
1614903602
201396419
1367709079
3424419498
1615047614
759397926
2918343133
1206735212
852316521
2734410537
1095696719
3324880033
2775972619
1138532358
852536118
1045463526
855407913
3223239145
1059663649
1071903184
855248525
2913251302
1242546588
2734456622
1075798683
855248393
3352055997
1354367729
1249876143
1098482964
1241502151
3468490830
3430201262
800374889
2393251083
620898124
413995258
1066315935
1262729395
3626897579
2794785532
2890875839
1225459548
1616316097
782747170
791030832
855598725
3488449594
1166171916
2913336798
852044770
1632522987
3630191338
1800795040
1745209465
3325290564
1616326670
387938817
1614982510
2918697958
791446059
1203481640
844853433
1320896627
1176485790
855604161
2979698408
1247582826
1754865275
3197233918
1632905046
1449905882
3496496286
2903059301
2903262474
413013835
3340849195
1616111649
854864285
1103903326
800368002
2795131178
1616169513
3264277322
90647286
2902462472
1666833190
2801351819
418474042
2928023301
844054282
2913126042
1367744515
3631409513
3110477510
411997646
1267841105
3497677195
1157720570
3284549431
416680131
1281789505
1286615425
1172636100
1120389767
1100638810
2665370804
1166709170
1644562166
855359930
1126886709
1631618338
1204726589
2903495981
1185321507
3488783331
2602695911
3251976127
1616858810
387475901
3090847906
2777302713
1178012282
3558952212
854045754
3509963253
1156512071
1178530612
3271233622
880545879
3275970379
1249882495
1615018817
2875439154
1226231236
3497910014
1207478700
546049818
1302616521
859066515
3096782748
2913442023
854404388
1213854605
846081099
1090185442
3423263427
3495584417
1661507949
1168483649
1109297921
2392461270
1180378734
1758027338
1525132727
1614357157
1216771748
1139854730
1247613989
3625306694
1823460083
204773373
2923938070
852024346
855493409
1152353453
2918690756
791477363
215521061
3160351999
2913361301
2915432972
1094491756
1616276833
408467093
852814186
3488458477
2904551304
2903091729
406789880
1626301643
3518359682
1267279513
216881170
1800729772
1120119100
1256008821
414620069
1075472201
410679886
3160233496
1153687202
2617467492
1198572746
1246763256
393720885
3488783332
1807731212
1247606150
2913467161
1139243543
1633238622
1656577766
1276570615
409119052
1616875417
3496937202
3429213594
3321929690
3328534469
1265256510
2684012214
1760931610
1111042038
1222662785
3284549426
1538743468
3252046178
3452498100
2496277476
2553024623
1267739918
1610777574
2903029561
1147824141
1145132747
3472395482
1100585283
1074299863
216516242
1216387898
2777406007
418002904
1233062205
1178430028
68070546
202505250
1153002333
2731672106
217661894
1618999618
1286126026
3626379824
624002362
407210300
416695389
2657800397
760132867
1759271157
760131258
551129969
2733459542
1656692855
1550810660
1280425774
852991515
1808519666
3353741954
855328601
851697860
1632368979
2794912376
846746754
3434717129
2794133137
1627374687
1264791530
523525497
854872161
1129251859
2903392674
1267932156
412233651
644292125
791466164
2389975388
1651592801
1557092298
1509898430
2913354210
1615820118
1197428540
1222526178
1592442020
1143421890
1102505108
1680207953
854240805
855382498
1224984775
2777379282
1616489074
1268210973
851837206
852062729
214543339
1077220312
1129203934
2777302711
1095643266
1180198961
3496574269
3431190538
1373771534
1066316155
404682946
843989281
1615294579
851835865
1160722041
1239910458
2918931011
646884406
620892363
1224945634
1111071906
210480429
852504964
3338717197
405534885
1149692309
791435058
1122662148
3346489955
1099171944
841094414
1676841576
1109239510
1138294036
3501734820
3520159986
1282279585
800436795
3635353094
1650870730
1195624148
852685845
1615512354
1656699642
1650824946
2327590200
2918579378
644418117
1823474428
1176671604
3563226956
2875439154
1262004545
1626134258
1071718772
2921115161
2393951206
3638722291
1795198798
2913319579
1842108537
1182629686
1616024073
1644924872
1813342998
3337464116
1112850533
1247770445
1653479028
2913412657
1428078505
3577961884
3581331640
1611289042
2392511541
1666388866
1108916700
852167061
1222095411
1650884709
1088389210
3423263423
1119730710
411995715
3454899205
1089281334
851663798
417406484
1134606989
1166031411
1812304676
2885822267
2922674488
2185295927
1240002333
2926103603
3187981866
3484721365
1210810535
3631960971
2731309515
680035827
3496574152
3431323330
851676820
3469132857
1442628782
1109729938
3201707370
1119652853
410523196
1210989179
1185368264
1139243769
1148399721
418484258
1373668121
2893466803
644352042
1673837035
1095696716
1250836226
3262818345
1678513003
1075950565
3522749862
2903262217
2923825276
2875439154
2916554773
1281951050
851579917
2423863206
2891266323
1626472748
1123910179
1135925508
1128783170
854086962
3431323659
680010906
2642544050
1367723267
3341049322
1742804118
853544190
1841634092
1207868423
2466285758
1210810532
2918913958
3515793227
1214174986
3157432189
1079638858
1258870403
1268107269
855422146
1141843749
2153549075
3517777305
1368511689
3484518242
757017657
1616369299
1286561078
405106234
214915506
2760528533
1385713937
853883634
2851375846
1156243075
3352055997
852386909
3270249371
1193662543
2211132241
67584189
1081477235
855324273
3488764340
1614945770
1074984214
1748657357
2922743960
1137454073
1120757690
1800795318
800343408
1615482526
3630777311
1651397818
3192328834
1202479917
1132517132
1655457030
790083516
774672556
1153114222
1210810533
2893969012
1226735888
1103464874
1168702022
1052170817
3281715909
1611328378
854404006
3484188282
1667944702
2793554423
1247748946
841094412
402382531
1615113861
1127583762
1162547526
842765467
3107590178
1673415812
3484279894
3222827950
2890410134
855107166
2402524547
1231314643
2924270489
3489607477
1065781161
1196821013
3450343710
1226335775
2793573182
413977166
1824415554
1112320439
1633046099
1650864994
847034069
216700075
1616787681
3324348691
851545150
3633342951
1074299855
852449621
844994348
843810314
1182152754
854126708
1250939194
414447193
1176028105
1244120627
1072608958
414970546
1357224629
2795286560
3587103852
3432824602
1616381170
2707545086
1812250666
852316523
1118507420
3514831499
3484827918
1138925107
1137217842
1202653468
1203046626
212895140
646317534
3509256435
3483737928
1141827038
1374360497
841439889
216660758
2779124994
1249171786
3473332948
1081128000
1615879922
3468486357
1218841127
1277103411
1222064725
1079638858
1207993148
1157336601
3496594052
1247793142
1239252494
1615076826
3628207433
2875439154
215850082
1200826654
1111162843
3350610348
851675754
1615199641
1809299866
1267763169
843706773
1108038394
1156115067
3262818345
2393941426
2389733227
3353742020
1650866606
1616753777
1153237832
3514922990
1114685130
1079242942
791236147
1276456206
851618197
1097162741
1613088032
2925435076
3453086650
2915381328
3468462903
1180196475
1138415026
1246759383
1468721125
2665371420
2665353243
1465792046
3641341117
1613047662
1268227638
1203175807
1074299865
1367746984
404684502
1205901413
1256010678
1616808973
2389710883
3631687070
209945778
3519010937
1193461427
3350610344
1229043802
393304713
3449658487
1265640042
1373961977
1615612842
855296673
1247657954
1129203530
1614575010
843974545
1616104810
1186513989
1250730988
2903054753
3423441798
1210796734
214915506
851517678
1091822201
1233295709
1614964241
1240770177
3470872244
2913155778
409950267
1265119297
852167059
3346357454
1537175269
1239442470
415527866
1615270289
1053247128
1289343768
3569026212
1118526101
1176054110
212288370
414520870
1280428710
1800794979
1150303837
1127573610
3423263424
2920613919
3640406674
3449659022
3506194422
2875439154
3511773555
1166359609
643262339
1208125242
1207929397
1282850469
1202816812
844007394
2795356523
3489297124
2891290035
3484527768
1123311081
791474215
853314181
855520805
1225566585
417514054
1614847718
854918413
1374813393
1615939325
2891422486
1075472200
855574318
1827110139
387457597
2795044592
3156684732
1422205560
758976059
854742738
855633801
853655941
1156117214
855208605
1213497441
1228841535
1137456851
1115101314
1761503748
1082040543
2794348841
203535335
854865620
1151547235
1745230779
208525831
3099399241
1813871628
1194052946
851879734
1145971521
1646501167
791465586
2546206877
1614924201
3628546691
2551844810
2985424126
1268669661
1616883037
851846754
1249169709
1615234342
1373093987
2918299132
1826277617
2913277081
204831970
1110094583
1247562297
3362943190
2903181550
1073492372
1117945038
1180226461
2893343005
1650842010
3487647181
417406934
2905747476
1804637062
854404388
216172189
1267930452
1614305706
411767778
855204433
1183593964
1657732513
1156067678
1170296442
1255022838
1124771902
1077232034
2924169577
1223314726
1616438946
1185386646
1118252700
402382531
1210511923
1177765086
3438916676
3147198020
1066084215
2432509026
1104619414
2057033928
1625551121
2875439154
2171188989
3432822883
418986377
2834018988
853623643
1137455789
1616161202
1825117603
1800794968
3321894990
1210789514
1118599442
3432672548
1276695948
1615747862
1375079246
3337464115
1669054647
387846041
1651616313
1086490410
1228472021
1412579183
1227709426
1205745952
1080792261
1115015050
1676766016
3323490698
1073492370
2906045089
855124498
3516369379
3275968346
1289381914
2902387004
393835619
798627783
2731253933
3236348290
3514135418
2153880892
413124220
213864883
1085818350
2913088902
1374976627
2903364413
843992950
1655934741
3679236720
1211183937
1196647338
855064733
1210785902
3423456590
843769402
854799382
416387384
1279819639
418029715
1118600181
1154376303
2905726718
1111085602
1650925986
1081212710
1626435395
1197064753
3158055951
3626897579
1369631780
3489597214
210902083
1267954026
1815399198
1627049865
1291721595
851870173
1814583347
1666833184
3558791812
2903424997
3501795835
1217336578
1267904102
2891504146
1680198210
1263066228
2875439154
407138019
416831276
843223572
3351331085
417406580
404079223
1072677642
1156118117
3256271878
1228709182
3516661556
1615007491
3449132482
1654280781
1616890742
1185477320
1385765099
3099128038
843870041
846746742
841094411
1616317661
3460824119
3496440714
1127582539
855247889
852731290
3088576092
1646932979
3644808891
2796139097
1281998399
1541395074
1585209579
2913357553
843658482
1247275259
1267937257
1656251609
1631872114
3285707143
1616001617
3093360491
208525830
2915462906
1092506702
3341049533
2801513875
1159028492
1612940394
2919758060
1113796758
1616076900
841094410
3339136939
1615395500
3632920849
1616709569
1422356077
409622057
1206715078
2865217032
791466229
1250887315
1179553381
2657803798
1650925932
843877593
1165626946
1237160766
3147204340
1143442440
1116092843
1282640736
1224925908
1077503925
1203973654
790040578
216881170
2916267411
1804559479
1267746441
789782987
3408730197
416873418
1077503924
1134920198
851904029
3645772861
852424492
2903484557
418921327
1077220313
3332879364
1615308462
1097890131
1267898995
2392020645
1143401343
406801808
3091571378
3626401930
1179401371
1651336628
790063322
840976450
1191955954
854147133
3247891850
3563200670
3522230043
1117945058
1615692305
1224692174
2915372170
1185487925
1663222619
3474769948
855471922
1202019144
412328266
1151982150
2903349361
1205483943
1077735798
2913355635
414442251
1469783467
2875439154
3385311760
1267991810
402740989
203673684
1191830994
1280266386
36636064
413969346
2904300685
3173653523
851689729
1363127890
846909526
854587496
1654332255
1198070866
1244188207
2466296218
1079234410
1290542311
204533204
3484527747
1647273319
3626967133
1124310600
216937531
1611391866
3508706316
1072608954
1126730061
1281860643
1147386182
3423263434
3459481305
3589202796
1137453765
211645347
2730901003
1111350762
2719059258
1056034740
1654130924
3110356818
1249682755
2760528534
3346393859
1193475091
1478663626
1250406876
1075006940
3475044997
1186690556
1213326641
1268487364
203136292
387577773
1647175434
791874482
2642580962
1097143674
1633068702
3093396335
3275960182
2795454837
2903354874
2529629921
1616533786
851645569
1119849962
3098989848
2906158863
1728637754
2913238926
1176258525
1144315166
1824854147
854688963
1615007492
1213811506
2928432083
853581446
3321903057
135407194
3496771345
203748658
1118299034
2918098509
1202920324
3640397042
1210810531
1178543106
853733517
852511265
415518053
135624786
1813045032
1677834394
1163486743
1093894037
1664319461
1800795641
3631648304
1520280684
1615010570
1280410130
3096781974
405265402
3638301507
791612034
2393944978
2386834605
213620980
1803762601
2914472591
1217353534
1826397346
1080891010
1240900574
3634238834
3099170987
1745395757
1077503859
3649384812
1250863222
1355423892
3088281967
2794263445
1650875162
853741490
1203264538
2913444363
405910830
1133865753
1678548869
387551850
853759329
2283475171
1267998234
1178358503
1755149015
1367510378
843970438
1145246923
415512764
1673080726
1062010661
1247267626
1092402232
2460483615
1145766833
216797962
1218731620
3634881793
841855764
852881090
1053158325
3092455720
1235485111
417671453
1205307177
1095944663
414962090
3488763962
1614843737
1650860318
1610693083
2923945603
802042697
3099355778
3428676060
2868573676
407466556
1178548386
851904029
1815261649
1073112591
3513440899
680035826
2284593269
1202920324
1745242099
203121546
1800795072
1758403365
3589879752
3435340767
3480669012
855443462
1631853389
2903451522
3464659585
408951866
1267991062
3654294682
1104941251
3285707141
2300269213
3627227663
2924302972
204177258
1238421776
210095290
414964706
1616874149
211063493
1432975625
3496566178
1225660504
1646499055
3321894985
1205885654
1626307568
2875439154
1650906098
1244188205
1163486742
1173509126
411202474
802054182
1099699746
2188326439
2731671667
3484531907
3285707138
3343182929
1160000253
853739442
1759298674
216255098
1186718116
1760885754
216172245
2850603909
2728099612
2913299165
1758447774
1795266666
387575301
1486737462
1815903406
2732827532
204296245
3484143258
1666801363
1615388753
853016737
1666833185
1656501672
1812110501
3636420605
853325074
1176243603
645702969
203464365
1655701304
210873061
418023971
1614293638
1092212644
1521719063
3484828148
1099714659
1185423847
1228446922
1614861962
3634871837
1084253628
1468021947
1066279406
758280475
1615974194
1240162584
1267821173
791784542
1611368162
1073068884
1615110025
409615994
851686713
3232661002
2300190270
1670972741
2561889058
1144664360
2796052894
1071708662
1158643382
1614927910
3087033364
1651618902
413747090
3633409186
1615814905
1075472211
3353848979
2893351676
1197210277
2885822267
1230542937
1207689551
3355417629
1144311567
1264741834
1823973613
852991513
1759638293
1631705624
855068302
2913303092
1625505031
1177112626
854893953
1808961063
1086414358
2732636627
1614872322
1259929659
3321898002
843932610
396423322
846746753
1679912981
1813980674
2486932986
1615262754
845009894
2546567545
1615044157
1280063177
1612774411
3480020016
211592638
1077549268
2732251191
1748916849
400864076
853543428
855427193
1247039558
1156243075
2801260086
3346287237
1656253847
1217289834
1095696718
3459475051
1615483485
1134838182
843760979
1360720211
3091545546
851542390
3492301662
851750230
2913069098
1209850542
2908739955
216143493
1658320172
1085452457
3487623870
1615159890
854339882
798094331
1170280618
3088575134
1247727661
3326569704
400860936
2177895437
854685565
1610869067
1121383642
1626775239
1236569228
1745301060
851588437
1072026396
1380364470
1666833189
1615512353
1170398593
3099360498
1614928524
409331167
1615499513
418480338
1077796650
3565925042
1614906798
842692230
3149665946
791778054
3494511437
387577445
1616249677
2924465065
3643648234
1268118249
1125536085
3464659216
203442850
853558150
855007421
791890166
68080110
2777294253
3454896710
3449547987
1134932227
1680019466
2955720672
3148063265
1813363208
1613170978
1745342759
215546499
1193863770
3096786998
410779402
1267746441
1229297591
2731825218
1229435513
3210421589
642793899
1808961061
3351211911
1162107389
1625841777
1196647437
854516065
414474076
1267564450
551024116
851710778
1193880308
852335460
1246485827
1076347588
1664853611
213782202
851958986
3561008374
855438357
1255992160
3449133842
387513730
2925296812
1205905669
1665728109
1100739900
1087076987
1678028965
841358785
410289699
1209252018
2923643619
3449657427
1212524518
1677301960
1238494440
1100683574
1670749250
414034402
1194030932
3351491317
400858983
1228587678
596018243
395591704
3517304940
1247713301
3635356218
1368821975
1745313173
1239286691
1260907967
1247260004
1082035653
1148549218
1194963453
698496946
1162936296
216700068
846746752
853708066
1129149147
2844312705
1616673561
800991104
1368450346
3370065515
1813954108
417295116
3225808428
2796134234
1225571702
854837578
3096608385
1289312262
854382906
215472076
1203175493
2777312329
1650873037
2011836789
855044790
855130281
841377859
1614573035
1616027818
419211078
405151726
213675274
852248290
2875439154
1615491517
1029561580
1135155168
3328531290
387899610
1165656995
418157398
2868491131
3474721790
1616114898
3059558778
3474992772
1150731846
3495061643
1217080454
1236325716
1195582930
1208799463
774891022
3506908185
1202019120
1186746050
1221168905
854157739
214437763
851510267
633303634
854231642
1135146289
1616687330
1127495702
1193950570
855543918
1122084166
855097750
203488147
1275800736
1268093236
1614305434
853733515
2389728546
1156114801
1077503926
1651397820
1228586392
2389732670
1800795821
2466254130
1346319194
1255126838
3418247633
2924427300
1263086478
1074166821
1656225860
1615039085
2733471337
3514946407
852397886
855281718
859090410
1247658057
1186524940
3324931387
2905463810
1756711037
638387441
1103967084
855107182
1140560988
854127462
1176056903
3655855670
135647370
1279810890
3387612267
1156172246
854621227
841094409
1615539429
1599107914
1151393534
855028022
3483320610
409576285
1247050806
1077503931
1119533534
1558744881
1071935180
3434616932
209645794
1235901424
3628529945
1095696743
1066317099
3449657172
202512517
3517308050
1616164361
1422338106
1250854258
403461446
1209203274
1268669662
1081191710
1678751832
1353096698
1615300070
3497878797
1161244077
1616681393
416671004
1118017993
1808961058
852015598
1482732126
3510294619
2441313337
1221921855
1258900377
212074748
851769571
415125026
418998242
3487892714
1158099837
855484318
3223899679
1145410407
1223138251
3090855383
1650733402
2923463831
3468454645
841479182
3337120821
855067753
3434698880
3237539490
212379683
1615210345
2875439154
3629435363
1615822194
2153885686
2230883376
3259257237
136123926
2916831490
415700266
1258951538
3631418596
2795866586
3126896600
853694139
853148208
851625522
1616147861
1186335436
1195995476
2795899316
1075472209
3634481984
3507633000
3561008323
1223157104
1368798169
1183005500
3470985346
413012750
3655364701
1326284034
854314628
851879729
855548531
1625345914
1185543338
1099753652
2913166306
2875439154
756519381
3635447590
2183965854
853944818
1814052170
798555251
1208113219
1106622101
843999725
1610811074
1082840859
1190769801
1203236019
1616832002
418813384
1615659566
1075472199
3233434818
1254836689
1225752096
2913317883
3350836821
1816656669
1814171810
1213829138
2283316890
3112990521
1650936884
2875439154
3644454890
2393251085
791843819
3200593715
1212965907
1756729921
409610307
3635255806
852929438
3488764310
3501752518
855491045
3497898854
1041041418
1625989792
1191216386
1823650618
403062492
212079629
1403901116
2848750073
1664338629
2376382844
1761502777
1176062814
1226977670
843885497
1680232566
2915373754
1236939712
643975965
48857362
1267903994
1635234130
646888234
1250825378
3112166546
646718764
1800794908
3187980708
1616222662
851712506
852167060
1650764846
1645676067
855592225
1217314525
3090848062
3571617998
3496770726
1244188204
3630396490
1162274898
1646934462
1650937022
1632818958
772725249
3091339448
1178842450
853623596
1135978981
3335773705
1446854797
2923435489
1213325102
2913133350
3098680260
417234054
789786413
411075280
1557131930
2907084290
1245578150
1203144370
2732242712
3090891565
852817270
3428296654
1095644637
853759379
1616388825
202851450
2915365858
3513387208
1616142765
3335636778
852480027
1268242597
623045850
2794133138
1093907093
1152999514
854315368
1625714027
3096777691
1156114054
1651324260
1111262910
1255478666
1616525082
1812179507
1233636726
800343485
1197208227
1761056595
2153550931
2795044591
1111162503
3488864362
1089291434
1109243506
853605842
1795211850
2903291954
3385311758
3449132538
1159035256
2875439154
3097507103
1823496764
645587125
2488102675
1616874705
1492604824
1654643017
1659947212
3423473007
213080074
1616879470
1616507018
1180379085
1250836230
459475103
853667047
397291650
853733516
2891695613
1280452320
1570120563
1745300497
2903237517
3233438670
680035742
2731202217
2903412324
1305971014
3557508405
1245997272
3754264622
3496770318
1247545657
1809697397
841439888
1656604034
1162490900
1614825433
1055435026
387861420
1181094890
2905921908
855556342
854980110
854306145
1492631787
3467673037
1656252472
2903488689
3488764320
1614874930
1145506682
1290729922
387569259
843735726
409786958
3633414363
1218756376
1224692162
1152338045
2794999113
1265320880
3488442661
3349735314
853016740
642449926
387574905
3630721693
3496772330
1615255926
1655699403
1202649332
1163138142
1676902738
2300245361
2795356525
1808961060
1824588299
1281629394
2300272050
3496554172
1817129142
759759822
1532353235
402994504
3575815237
1817534198
2755865661
1646088651
1120787762
214647594
3469548003
1219988949
2923463826
759765258
1144084850
791853622
854166954
3474750746
1267645254
3454895530
1208668074
1075102306
409582810
1634448222
1666833187
2737382426
1247255751
203173893
680035824
3333278120
1816789641
1148405194
3423263433
1122433722
2921090591
1236068108
1176259479
3157323369
1616468101
211419747
1141887076
1422356725
3459475045
756942140
1616798146
3423468932
3120825010
2955793696
645796103
3449547987
1606570246
1185360148
855068510
644418118
1494667514
3488764336
1121125288
851719682
1808895513
2913228265
2916175410
2902358562
1099225931
1268194427
1808084460
3285707137
1616834165
3423263425
1611334706
1745030873
1827573587
1615919177
851690421
3636756914
1155681140
210097180
1090139211
1168702023
1425039306
1136354661
1152258382
3337472466
643357630
1111262614
1823483107
1140341511
3496574060
1615227725
1202462749
1677555581
216526613
1196877035
1151532195
406081747
3508877412
3634494198
2916858693
404684165
1244188194
1238992592
3337197770
1267807558
1626204641
851713746
1218841121
1127555433
1245603594
1100878917
3482174946
1615250363
853721174
1541395074
417394062
3351488717
1191765062
1280136801
1145633756
798626202
1615114802
2393943730
3278079593
1804634921
1706721587
1229508379
1106391949
3099168330
1161763821
211415560
1111579222
1077503866
3191701239
853867976
3483737927
1813040561
845466544
1129233962
3415707563
2833999693
1808961062
2393943370
679909270
1615119362
417082890
1827753304
1655606851
2891424476
1286467690
1434540406
3387836306
1650755082
3259927128
3467703362
1076427940
846746755
203230548
1129263578
1222015945
842463085
1615192002
3349651616
1800794585
3228487199
419015714
2906330935
1483036129
2346189817
1246311286
2875439154
854248883
2399099044
2905655282
1616683562
3630861593
1538741763
1615211021
1281095539
1264042120
3513315826
595814733
1245800942
1201952725
2907189254
3169890019
1757313140
1232558539
854878229
1616767889
3522369667
2794393437
3633510120
1088051358
630845380
3111479408
1614922182
1081887078
854791899
1123304483
1246949547
3189272594
2913439964
1170299139
1209243786
405270214
203442852
3398038610
2488050602
1626301583
417259469
2284122827
1795842709
135486514
2907691955
1127531138
2807596563
1680050657
1221985628
1616760378
2777302715
136081458
1614919814
759091197
1615400332
3120797542
3484527761
1133911979
1269960300
847091187
2903059185
1086790627
3484528141
1809623905
1195543298
1814484778
1137225738
1235445880
1632562340
1616001197
1113422243
1320852386
1813959805
855631486
1176259476
3487892394
203065441
1666833191
397475916
1209402251
1059755411
3519613108
1753785376
2907559426
800370956
1207876873
1651432042
1677784651
2832488463
2903162841
1759702442
3423263422
1615998658
1654523689
2903077298
2903248582
1178509851
2466311226
1291721016
1213854425
418014908
854921725
2908708746
2848740889
1616011146
3495494441
1616183093
2777342291
853577393
853681674
1089897190
1804793862
1176446082
2913433878
3453064338
203647996
1226376838
1143705137
843064731
3130710580
843784647
204036114
1226416790
1207359279
2777289091
2891380539
1380273937
1176260464
1816437580
791421810
3640397044
1279661582
2875439154
409016398
852567765
2734240192
1174283659
1616887426
1650729693
3636700914
1267908405
3625298056
2875439154
644234724
68069558
841094408
1616883034
1616677241
3473333707
2732068112
1161527217
3488458866
1105103066
1228895523
1240979743
3120825011
1259969641
3522714324
2393490175
1611243797
2903023213
1800795831
1631853390
842734808
852050965
1210471122
1232006517
3629213802
68373874
1663610105
854627313
1098231963
3515821271
3423456590
3090654481
1210988578
1652529294
847181605
1234528045
1119342292
1157336546
2875439154
791765916
3324928642
851837207
1815796148
1193663246
213081653
1795221482
2734667642
3636770949
1385732208
1267764426
1087077923
3482778522
1140154764
1611325534
211049114
1210481470
216982578
1186655854
854083662
1633817243
1809165879
414591398
1606452798
855328949
2903127046
1202958066
1168702023
1180234338
3452835748
1827417415
1216719144
838884610
3182456331
2801260064
3370075698
1280823925
1166200422
1650867698
2945077968
1370129026
215682603
851545125
1239776863
3386165651
2917875913
1123663402
1658964073
1614410442
2719072866
2875439154
1521549069
1089140338
2916838629
1186519972
1807937797
1644627149
2903173226
1181451352
3496482291
214382202
2875439154
1299107214
3477834507
1102902206
1180251118
855208201
1663968410
843937654
2794314018
1217355918
1196207538
1385800448
1367511873
203287540
3351270483
1178015933
1611364602
1138476638
1202612273
1212559393
1233376465
1816856898
3163124230
852043796
3251965000
1275768075
1163486741
1193978020
3285707142
1153741983
2801260062
1403013160
1129205518
408525210
1616290158
843539681
1145264322
409450602
387934013
2230818043
1823665166
1225527267
68245026
1081188534
1616221731
1616501918
2659986777
2902329156
3643072904
851462349
1217314540
646898612
844048886
1177871634
3099473442
2903327523
1239696182
1276038718
1164851926
841439891
3561008329
2903344249
1615183057
791749714
2556496927
1823493992
3519921173
843791627
1176446260
679528342
3321784674
1267847197
1823662842
3494415614
1373013012
854675226
1202071579
1081128000
3648198406
1282550981
1650872182
2394001402
1210812338
3222815027
841479334
2734340834
841860298
852479364
1177698441
1268138713
1074299864
1236868898
1259525389
2925340247
1616001261
2801627847
1123310885
2340577971
1614410850
1102645638
3091876490
1678031110
1259929670
1633147110
1616385580
1250602424
851746021
2733116105
1213334933
1373093987
393976463
843850853
2921113655
854174020
2956900698
3624438600
852149282
1615195324
854925459
1266677986
1128275905
3630397818
1208763465
843919585
3098821428
3510585556
2828349500
1262320105
1614212906
851648772
843739867
1263992947
2556496926
387576422
2913435818
1231479501
2903483985
2819211985
3515810102
851972664
854147134
1159193609
1432610736
1219288773
2387593141
645601035
2833997893
1373906436
2913241877
1136535853
1250849410
2701170882
1615375877
3634375298
409849914
1111052829
1250836228
3187978407
3251982370
3423263428
1212972107
1079638858
1191577891
845409316
3096608322
1193664600
1161737808
3467704298
1654618255
1615558194
1330493434
3496126290
2832682954
1291633617
2794912382
1235901424
1808961057
1190769802
1202927146
3519331642
1613186018
2727240890
1746963819
1729186730
1140154971
1280330706
2794133133
1202655801
851960337
418341029
800417316
1145041090
1754909613
851877021
1169070763
412807036
1424408773
1666843179
1578549911
1116111668
1247654986
1090484786
1538730327
2794307048
3494957705
2907464275
3436359164
1373937292
1658282640
1267860618
1804206345
1175927180
1432579278
1428036957
3392680874
3743331042
1467394906
99873010
3438916253
1613191714
1813541455
1108920427
851662349
1161202027
1135058585
3423331618
1822856714
3112166531
1119302161
844070162
1615701561
854922825
1616282830
1632675159
759397926
217009126
418006933
215471995
1168775634
1186514147
3351335234
2177929130
3509916174
1655468510
1248320783
3051842611
1367515268
207717898
1075472240
2885927594
1158388621
1814260625
1650754066
1186604294
3480063751
1163486742
1149341275
2375995554
1207204471
1268188137
1235395636
1368381332
1095696720
1206769549
1223086787
2955104610
1616097451
1614393157
1616399034
1100663620
1194039062
1143425028
3519638325
853342835
2466287442
1795191603
2906861634
1023911988
1651592801
416395700
1125423093
853016741
1177866515
3099140742
854965285
1134879015
387465481
852126675
1230785587
3275971058
1185878482
3522340566
213269954
1159243542
1625992218
852064322
3636596158
1255893460
1092513302
800343202
1140154973
1111496978
3627561081
1145982449
757705820
1541813197
1250848902
1228423682
217337738
1121345330
3488764339
3488764330
1281259078
853733514
414619150
1656500549
644015481
1208640090
1666833188
3477735721
2819211981
1066507194
1213880594
846448090
2794912430
1625914145
841094415
2801513874
416515946
2906611298
1136010207
1800795793
1161904420
3398038759
841328973
2794132702
3479205072
1678028812
1633595821
3184100257
1162933399
1440773138
2794757620
2893319309
645853699
3341045835
692856330
416647154
1424409583
2801260095
3509210926
1199258100
1168497863
1615616045
2875439154
1952241614
1191600580
851651833
2913260089
2488097140
996416051
208525832
3350836815
1654130035
1246760971
2796052874
2745105306
2378238242
3449657933
1616276834
1614870322
1127585534
2903291924
854602089
1086948114
409026842
853602334
1665592789
1557131934
3461043503
1541756458
410717794
3639475559
2875439154
679866434
852795674
1191590454
1738326077
409057250
3475795909
2379830850
1616386954
1803784084
1962285345
2250868870
1120389766
215793148
2204969832
1279378497
772630956
216514426
756099065
3051421540
1616174901
1308382948
2393490173
207717898
1614410596
1201950729
851688933
1161850216
853739445
214124274
204801715
1680239427
419227320
1433005803
1097091643
3350610781
3521884617
759759814
2903218677
1223086185
3464659585
1646189278
1334233302
2875439154
2796034182
406526096
1222097352
3631094226
3636774762
1280299498
3281718974
1153127387
1815066163
2327588043
1591992646
1210810534
853708067
1589994950
1191317642
1082988482
790834217
1409038439
2924038242
203740775
1666833186
1567998266
1615318577
983757128
3470196402
1659808289
1650756166
851721238
3423080225
2892041017
1167102058
1431939781
1615109346
1664319456
1118510403
387488102
393686342
3496594218
1650953462
1745605247
1680257258
836886272
3497732205
2777381640
1616832202
1191607346
1163164856
2913080865
3474769949
1514133645
3652157181
3577854401
1815909031
2385768060
1372680101
135343107
1616235402
1065592488
3285707140
3507981042
1250927014
852518430
1264795458
2925912807
855112922
1247247418
99624281
1615308530
2153522604
415528826
1616116946
1614289026
3635887637
789797746
2907202858
2908628874
1103097466
2375581458
1680257258
3625296428
1660173614
2270458453
409328049
1202646066
2731672194
2612703768
3392680824
855426286
3625169252
1803605263
2955785486
1072043182
1263881512
3628546626
1229394981
2801260102
2921201733
2734501100
851577281
1307728480
3120203042
402941743
1072453114
204514418
1185219698
415525262
1275136603
3388701909
1116173975
3454896550
2891703536
3157447147
841864596
3627564252
415196524
1178373578
1361923546
2917285636
841378292
1264045498
404048597
1081592975
1654618173
1212951843
3357551682
1218841126
1087076964
1126770754
1117196364
1239545316
1079234938
1616223347
1607598740
1614116582
2993985161
1166931520
2902331739
1176446372
1151547234
3639621307
1616266918
1250855106
3484723674
1761055018
3479926538
855322690
1178543746
1263256294
3161858238
1119512468
1202261090
2913400481
2875439154
1231960840
2734501017
212926858
2794912375
211549906
3285707136
1267736917
201754356
1196342030
1667779951
403299609
410317206
49912223
2918938005
1616021194
1815793820
1281241176
854559687
1816302066
2761501087
3521817618
2432509094
1213238756
2794817911
2875439154
1263982261
1250916114
213086252
1244188206
1214175003
1234119211
758021213
2728056764
402921094
1678266218
1223023650
1808961056
1113836520
1170849353
1963352358
1492603631
2906894435
1616852809
1483999050
3630719834
1229862663
202392212
2875439154
387517121
3459630077
3286257269
1233462063
1162576395
1615358690
2795355147
3096912224
1213006906
1663788305
2779143631
1538730315
1221326668
1677912926
844860258
387954609
1761532726
203442851
1266647044
2796052918
3534593447
2777302714
2907102826
1112332751
1211024039
3497723379
1745292857
1615101553
2801260059
1111262738
1291421272
3182316148
1744999714
2537173628
1175833798
1133152818
1424359791
1655960418
1085760738
2903411601
679598910
1564498868
1615512353
1469782945
1195928930
1813726088
2917285636
2875439154
1235821076
1632769189
852026017
2912948709
3353377986
1664319459
855204893
1246763256
2801741396
1098278730
1364395861
3350610345
3231364114
2875439154
1153811616
211225393
1249240010
1268227913
1168113113
1804431321
846039909
3484806938
3633510120
1155672487
1377062838
1102504233
36636064
3629436451
1100544498
405271086
2875439154
1262820215
1162932818
791848474
2875439154
2777300554
851577283
3389214725
1169069390
1532004747
3098699106
98735941
1267743041
3496482291
3059558778
1143736958
387886533
1615962218
1204214111
851451433
3511773555
1466822015
1616413635
3423456590
1204458938
3485361448
1287527810
3514946410
1217356454
2875439154
1126896689
2793579964
1245583750
214758723
1170421959
646435385
1650911546
3385311758
3093618523
1203197858
1651328348
3514832034
1250862662
3484525258
459475568
1291722343
387878913
1616142325
758089464
1255870234
1280148506
1151395747
3157783183
1611298678
3232306714
2794912434
1220275827
2903931770
3561006996
844070813
1153946349
3635834567
3518314633
1099798187
854320570
3285707139
1632520819
1615895657
1606464742
1606572567
3648198406
1223023601
3424419450
645702968
1263706428
851576947
1156114382
1193470480
3496574189
3120825011
1155599351
1092513294
1201838836
2915461658
2915381348
1086233875
1228790061
2284120771
418906150
1650922206
2728111722
3488764312
3680065135
387449461
1646845353
2875439154
791823598
3350610780
3624799422
1210840354
1196648585
698496946
1615622801
1066285082
2819273955
789964227
1823761603
2875439154
1664319462
1615016105
3412740109
3628823665
1745187855
1066166842
1149354527
854107473
1074993940
2914435038
2875439154
2913360306
1407224441
409961226
394019227
1168147954
2657800398
852937673
1219470669
87594452
2323257563
3649633634
1408499625
1615039210
3157720118
2875439154
1227279086
1424360451
2376398736
1153691494
405527556
1239111520
841094413
1208956602
2819211984
1205480911
2916563849
417755138
550571409
418027107
3515793227
1248883427
1664319460
2795109281
2912975198
2913058841
1800795355
1650953634
1092527577
1193659633
1655692629
1753231015
550986033
3488764338
1111275352
3412145193
3182321388
3488764325
3286257270
1280247742
2903145529
1407224609
531090491
1180359602
3563861176
1094468638
679828226
414369450
135399082
844860260
2393490174
3120825010
1761032190
851700569
2875439154
1612424693
1409889392
2731672194
1259160490
2875439154
2794472790
1291721057
409450914
851679581
1800795210
1612670901
3625169421
2916398682
3512440040
3436561110
1650860214
1815261478
3423272872
3633570594
2719046884
3435351310
3561008561
1239738194
1616438666
3413545181
1632523926
1281299679
2796139103
204098154
1616622258
417401162
419391239
1633559314
800427869
3423635922
852078326
2801513876
843717070
3157455326
3523843582
1615069189
1800795546
1632421413
1296736125
1066317230
416641748
216230800
1160724593
2794281170
3182350841
1632368734
1823769669
1646932408
1170302234
1664319457
3147198283